Report for bank. 
Branch: 0
For 0 account:
      82 2571,8407        Chequing               0 4993039,8891  OK
      83 3297,7559        Chequing               0 4989742,1332  OK
      84 5699,1200        Chequing               0 4995441,2531  OK
      85 7024,3649        Chequing               0 4988416,8882  OK
      86 1530,7873        Chequing               0 4989947,6755  OK
      87 3577,6774        Chequing               0 4986369,9981  OK
      88 354,4172        Chequing               0 4986724,4154  OK
      89 934,7794        Chequing               0 4985789,6359  OK
      90 1411,9863        Chequing               0 4987201,6222  OK
      91 1812,5120        Chequing               0 4985389,1102  OK
      92 9415,6415        Chequing               0 4994804,7517  OK
      93 6140,3778        Chequing               0 4988664,3739  OK
      94 9512,1725        Chequing               0 4998176,5464  OK
      95 1514,0229        Chequing               0 4996662,5235  OK
      96 164,4854        Chequing               0 4996827,0089  OK
      97 9649,7035        Chequing               0 4987177,3055  OK
      98 3350,5186        Chequing               0 4990527,8240  OK
      99 6004,0204        Chequing               0 4984523,8036  OK
     100 9886,9020        Chequing               0 4994410,7056  OK
     101 4026,3718        Chequing               0 4990384,3338  OK
     102 5630,7196        Chequing               0 4996015,0534  OK
     103 1741,6199        Chequing               0 4994273,4334  OK
     104 7393,6701        Chequing               0 5001667,1036  OK
     105 9066,2298        Chequing               0 4992600,8738  OK
     106 8245,7101        Chequing               0 5000846,5838  OK
     107 272,6805        Chequing               0 5000573,9033  OK
     108 2648,0750        Chequing               0 5003221,9783  OK
     109 8945,6013        Chequing               0 4994276,3770  OK
     110 6727,9117        Chequing               0 5001004,2887  OK
     111 7511,4445        Chequing               0 4993492,8442  OK
     112 6709,2668        Chequing               0 5000202,1110  OK
     113 645,3682        Chequing               0 4999556,7429  OK
     114 4799,8532        Chequing               0 5004356,5961  OK
     115 519,4773        Chequing               0 5003837,1188  OK
     116 1983,0551        Chequing               0 5005820,1739  OK
     117 1691,9630        Chequing               0 5004128,2108  OK
     118 8494,4642        Chequing               0 5012622,6750  OK
     119 7464,5865        Chequing               0 5005158,0886  OK
     120 7117,6016        Chequing               0 5012275,6902  OK
     121 6555,1780        Chequing               0 5005720,5122  OK
     122 691,2960        Chequing               0 5006411,8082  OK
     123 6022,4783        Chequing               0 5000389,3299  OK
     124 1789,6799        Chequing               0 5002179,0098  OK
     125 1404,0235        Chequing               0 5000774,9863  OK
     126 9854,3737        Chequing               0 5010629,3600  OK
     127 9126,4820        Chequing               0 5001502,8779  OK
     128 4097,8697        Chequing               0 5005600,7477  OK
     129 6345,6972        Chequing               0 4999255,0504  OK
     130 1259,3363        Chequing               0 5000514,3867  OK
     131 4675,7589        Chequing               0 4995838,6278  OK
     132 7312,2604        Chequing               0 5003150,8882  OK
     133 2759,0524        Chequing               0 5000391,8358  OK
     134 5061,9827        Chequing               0 5005453,8185  OK
     135 7579,9828        Chequing               0 4997873,8357  OK
     136 3325,9376        Chequing               0 5001199,7733  OK
     137 882,7832        Chequing               0 5000316,9901  OK
     138 3187,2813        Chequing               0 5003504,2714  OK
     139 8348,5647        Chequing               0 4995155,7068  OK
     140 7311,7335        Chequing               0 5002467,4403  OK
     141 9429,8722        Chequing               0 4993037,5680  OK
     142 6207,3666        Chequing               0 4999244,9346  OK
     143 2325,0662        Chequing               0 4996919,8684  OK
     144 1808,4228        Chequing               0 4998728,2913  OK
     145 4673,6745        Chequing               0 4994054,6168  OK
     146 2128,9918        Chequing               0 4996183,6086  OK
     147 7622,5265        Chequing               0 4988561,0821  OK
     148 8743,7488        Chequing               0 4997304,8309  OK
     149 1187,3379        Chequing               0 4996117,4930  OK
     150 1325,3609        Chequing               0 4997442,8539  OK
     151 7833,0080        Chequing               0 4989609,8459  OK
     152 4747,3672        Chequing               0 4994357,2132  OK
     153 217,0915        Chequing               0 4994140,1217  OK
     154 5724,2199        Chequing               0 4999864,3416  OK
     155 7664,7400        Chequing               0 4992199,6015  OK
     156 8515,0037        Chequing               0 5000714,6053  OK
     157 4531,2592        Chequing               0 4996183,3460  OK
     158 5803,5362        Chequing               0 5001986,8822  OK
     159 5802,8222        Chequing               0 4996184,0600  OK
     160 8955,8115        Chequing               0 5005139,8715  OK
     161 510,6845        Chequing               0 5004629,1870  OK
For 1 account:
